{
 "cells": [
  {
   "cell_type": "markdown",
   "id": "23c79c5a-0159-4b64-95dc-0e46a9da5df0",
   "metadata": {},
   "source": [
    "# Skane\n",
    "# Bleking"
   ]
  },
  {
   "cell_type": "markdown",
   "id": "1d630fbc-c84b-442b-a687-903c8cad94a7",
   "metadata": {},
   "source": [
    "![My Image](./Map-of-Sweden-showing-the-21-administrative-regions-adapted-from-SCB-2007.png)\n"
   ]
  },
  {
   "cell_type": "code",
   "execution_count": 1,
   "id": "770b1865-3c5d-4871-8891-3e428dc36a9a",
   "metadata": {},
   "outputs": [],
   "source": [
    "#importing modules\n",
    "from math import *\n",
    "import matplotlib.pyplot as plt\n",
    "plt.rcParams.update({'font.size': 21})\n",
    "import scipy.stats as stats\n",
    "from scipy.optimize import curve_fit,leastsq\n",
    "from scipy.integrate import odeint, ode\n",
    "from scipy.interpolate import interp1d\n",
    "import numpy as np\n",
    "import pandas as pd\n",
    "from scipy.interpolate import interp1d"
   ]
  },
  {
   "cell_type": "markdown",
   "id": "05f1bf5f-5620-4891-a568-e0aa34b8cafc",
   "metadata": {},
   "source": [
    "# 1. DATA preprocessing"
   ]
  },
  {
   "cell_type": "code",
   "execution_count": 2,
   "id": "1424a2eb-3de6-49f8-9721-1ce12e06b643",
   "metadata": {},
   "outputs": [],
   "source": [
    "#Parameters\n",
    "n=20\n",
    "starting_week = 10-4 #start week\n",
    "first_case = 9\n",
    "T_max = 48 #length of prediction\n",
    "pv = 0.023 #fraction of infected that are admitted\n",
    "rho = 7*1/5.1 #latency period\n",
    "gamma = 7*1/5 #recovery rate\n",
    "delay = 3 #2.5 #delay from infection to admission"
   ]
  },
  {
   "cell_type": "code",
   "execution_count": 3,
   "id": "26d9f971-4ae7-4728-9b4c-50a60696af9c",
   "metadata": {},
   "outputs": [],
   "source": [
    "file = pd.read_excel('../data/statistik-covid19-inskrivna_v2.xlsx', sheet_name = \"Inskrivna i slutenvård\")\n",
    "data = [['Sthlm',           8, 2389923, 'SE-AB',  6524],\n",
    "        ['VGR',             9, 1725881,  'SE-O', 23800],\n",
    "        ['Skåne',          10, 1387650,  'SE-M', 10968],\n",
    "        ['Östergötland',   11,  467095,  'SE-E', 10559],\n",
    "        ['Jönköping',      12,  364750,  'SE-F',  8190],\n",
    "        ['Södermanland',   13,  299101,  'SE-D', 10437],\n",
    "        ['Uppsala',        14,  387628,  'SE-C',  5427],\n",
    "        ['Gävleborg',      15,  287660,  'SE-X',  8504],\n",
    "        ['Västmanland',    16,  277074,  'SE-U',  6075],\n",
    "        ['Örebro',         17,  305726,  'SE-T', 28029],\n",
    "        ['Norrbotten',     18,  249768, 'SE-BD', 18118],\n",
    "        ['Dalarna',        19,  287806,  'SE-W', 17519],\n",
    "        ['Västernorrland', 20,  244855,  'SE-Y',  5118],\n",
    "        ['Värmland',       21,  282840,  'SE-S', 54665],\n",
    "        ['Halland',        22,  336132,  'SE-N', 97239],\n",
    "        ['Kalmar',         23,  245992,  'SE-H', 11165],\n",
    "        ['Kronoberg',      24,  202163,  'SE-G', 21549],\n",
    "        ['Västerbotten',   25,  273061,  'SE-AC', 8424],\n",
    "        ['Jämtland',       26,  130972,  'SE-Z',  2931],\n",
    "        ['Blekinge',       27,  159349,  'SE-K', 48935],\n",
    "        ['Gotland',        28,   60106,  'SE-I',  3135]] \n",
    "regions = pd.DataFrame(data, columns = ['region', 'index','population', 'regionkod', 'area']) \n",
    "regions['density'] = regions['population']/regions['area']\n",
    "first_cases = first_case*np.ones(21).astype(int) #week number when first case was recorded\n",
    "regions['first case'] = first_cases\n",
    "starting_weeks = first_cases - 3\n",
    "\n",
    "regions.drop(regions.index[[20]],inplace=True) #remove Gotland\n"
   ]
  },
  {
   "cell_type": "code",
   "execution_count": 4,
   "id": "b24dccf1-4c3f-42fb-b92c-ef1c97112b71",
   "metadata": {},
   "outputs": [],
   "source": [
    "def getData(name, first_case):\n",
    "    temp = regions.loc[regions['region'] == name] #find the right row\n",
    "    index = temp['index'].values #find the region index\n",
    "    N = temp['population'].values[0] #find population size of region\n",
    "    R = file.iloc[index[0]] \n",
    "    R = R.replace(' ', 0) #replace missing data with 0\n",
    "    R = R.replace('X', 0) \n",
    "    R = R.replace('IU', 0) \n",
    "    \n",
    "    ind = np.arange(3, len(R), 2) \n",
    "    I = R.iloc[ind].values #extract admissions\n",
    "    I = I[:-2] #remove last (incomplete) data point\n",
    "    padding = np.zeros(10 - first_case + 3) \n",
    "    I = np.insert(I, 0, padding) \n",
    "    veckor = np.arange(0, len(I), 1) #create array of week numbers\n",
    "    \n",
    "    return I,veckor,N\n",
    "\n",
    "\n",
    "#Load Google mobility data\n",
    "def loadMobility(name, starting_week):\n",
    "    df = pd.read_csv('../data/2020_SE_Region_Mobility_Report.csv') \n",
    "    temp = regions.loc[regions['region'] == name] \n",
    "    code = temp['regionkod'].values \n",
    "    temp2 = df.loc[df['iso_3166_2_code'] == code[0]]\n",
    "    transit = temp2['transit_stations_percent_change_from_baseline'].values \n",
    "    dagar = np.arange(46, 46 + len(transit))\n",
    "    tv = np.ceil(dagar / 7)\n",
    "    \n",
    "    \n",
    "    gveckor = np.unique(tv)\n",
    "    k = 0\n",
    "    Tr = np.zeros(int(max(gveckor) - min(gveckor))+1)\n",
    "\n",
    "    for i in gveckor:\n",
    "        ind=tv==i\n",
    "        Tr[k]=np.mean(transit[ind])/100\n",
    "        k=k+1\n",
    "    for i in range(1,len(Tr)):\n",
    "        if np.isnan(Tr[i]):\n",
    "            Tr[i]=Tr[i-1]\n",
    "    #print(Tr)\n",
    "    init=0.2 #set base line travel\n",
    "    Tr[0:2]=[init,init]\n",
    "    #print(Tr)\n",
    "    #print(gveckor)\n",
    "    #print(gveckor-svecka)\n",
    "    Trfkn = interp1d(gveckor-starting_week, Tr, kind = \"linear\", fill_value = \"extrapolate\")\n",
    "    #print(Tr)\n",
    "    return Trfkn"
   ]
  },
  {
   "cell_type": "code",
   "execution_count": 5,
   "id": "3ff52623-39f5-4720-9e22-8dccf741b934",
   "metadata": {},
   "outputs": [],
   "source": [
    "def loadMobility_list(name_list, starting_week):\n",
    "    Trfkn_dict = dict()\n",
    "    for i in name_list:\n",
    "       Trfkn_dict[i] = loadMobility(i, starting_week) \n",
    "    return Trfkn_dict\n",
    "\n",
    "\n",
    "def getData_list(name_list, first_case):\n",
    "    getData_dict = dict()\n",
    "    for i in name_list:\n",
    "        I, veckor, N = getData(i, first_case)\n",
    "        getData_dict[i] =  {'I': I, 'veckor': veckor, 'N': N}\n",
    "    return getData_dict"
   ]
  },
  {
   "cell_type": "markdown",
   "id": "82280561-7681-4293-8678-6c4ce2afe993",
   "metadata": {},
   "source": [
    "# 2. Correlation Analysis"
   ]
  },
  {
   "cell_type": "code",
   "execution_count": 6,
   "id": "625c6253-510d-498b-9690-d6b8e465d5fa",
   "metadata": {},
   "outputs": [],
   "source": [
    "name_list = regions.region.tolist()\n",
    "Trfkn_dict = loadMobility_list(name_list, starting_week = 6) \n",
    "getData_dict = getData_list(name_list, first_case = 9) "
   ]
  },
  {
   "cell_type": "code",
   "execution_count": 7,
   "id": "e081bcff-f4b5-4758-a1e0-ac36d976d133",
   "metadata": {},
   "outputs": [],
   "source": [
    "region_name = ['Sthlm']\n",
    "df = pd.DataFrame(getData_dict[region_name[0]]['I'])/regions[regions.region == region_name[0]].density.values\n",
    "\n",
    "for j in getData_dict.keys():\n",
    "    if j == region_name[0]:\n",
    "        continue\n",
    "    region_name.append(j)\n",
    "    df_temp = pd.DataFrame(getData_dict[j]['I'])\n",
    "  \n",
    "    df_temp = df_temp/regions[regions.region ==j].density.values\n",
    "    df = pd.concat([df,df_temp], axis = 1)\n",
    " "
   ]
  },
  {
   "cell_type": "code",
   "execution_count": 8,
   "id": "eecbb241-b69a-4119-a29b-c71ef69203d7",
   "metadata": {},
   "outputs": [
    {
     "data": {
      "text/html": [
       "<div>\n",
       "<style scoped>\n",
       "    .dataframe tbody tr th:only-of-type {\n",
       "        vertical-align: middle;\n",
       "    }\n",
       "\n",
       "    .dataframe tbody tr th {\n",
       "        vertical-align: top;\n",
       "    }\n",
       "\n",
       "    .dataframe thead th {\n",
       "        text-align: right;\n",
       "    }\n",
       "</style>\n",
       "<table border=\"1\" class=\"dataframe\">\n",
       "  <thead>\n",
       "    <tr style=\"text-align: right;\">\n",
       "      <th></th>\n",
       "      <th>Sthlm</th>\n",
       "      <th>VGR</th>\n",
       "      <th>Skåne</th>\n",
       "      <th>Östergötland</th>\n",
       "      <th>Jönköping</th>\n",
       "      <th>Södermanland</th>\n",
       "      <th>Uppsala</th>\n",
       "      <th>Gävleborg</th>\n",
       "      <th>Västmanland</th>\n",
       "      <th>Örebro</th>\n",
       "      <th>Norrbotten</th>\n",
       "      <th>Dalarna</th>\n",
       "      <th>Västernorrland</th>\n",
       "      <th>Värmland</th>\n",
       "      <th>Halland</th>\n",
       "      <th>Kalmar</th>\n",
       "      <th>Kronoberg</th>\n",
       "      <th>Västerbotten</th>\n",
       "      <th>Jämtland</th>\n",
       "      <th>Blekinge</th>\n",
       "    </tr>\n",
       "  </thead>\n",
       "  <tbody>\n",
       "    <tr>\n",
       "      <th>0</th>\n",
       "      <td>0.0</td>\n",
       "      <td>0.0</td>\n",
       "      <td>0.0</td>\n",
       "      <td>0.0</td>\n",
       "      <td>0.0</td>\n",
       "      <td>0.0</td>\n",
       "      <td>0.0</td>\n",
       "      <td>0.0</td>\n",
       "      <td>0.0</td>\n",
       "      <td>0.0</td>\n",
       "      <td>0.0</td>\n",
       "      <td>0.0</td>\n",
       "      <td>0.0</td>\n",
       "      <td>0.0</td>\n",
       "      <td>0.0</td>\n",
       "      <td>0.0</td>\n",
       "      <td>0.0</td>\n",
       "      <td>0.0</td>\n",
       "      <td>0.0</td>\n",
       "      <td>0.0</td>\n",
       "    </tr>\n",
       "    <tr>\n",
       "      <th>1</th>\n",
       "      <td>0.0</td>\n",
       "      <td>0.0</td>\n",
       "      <td>0.0</td>\n",
       "      <td>0.0</td>\n",
       "      <td>0.0</td>\n",
       "      <td>0.0</td>\n",
       "      <td>0.0</td>\n",
       "      <td>0.0</td>\n",
       "      <td>0.0</td>\n",
       "      <td>0.0</td>\n",
       "      <td>0.0</td>\n",
       "      <td>0.0</td>\n",
       "      <td>0.0</td>\n",
       "      <td>0.0</td>\n",
       "      <td>0.0</td>\n",
       "      <td>0.0</td>\n",
       "      <td>0.0</td>\n",
       "      <td>0.0</td>\n",
       "      <td>0.0</td>\n",
       "      <td>0.0</td>\n",
       "    </tr>\n",
       "    <tr>\n",
       "      <th>2</th>\n",
       "      <td>0.0</td>\n",
       "      <td>0.0</td>\n",
       "      <td>0.0</td>\n",
       "      <td>0.0</td>\n",
       "      <td>0.0</td>\n",
       "      <td>0.0</td>\n",
       "      <td>0.0</td>\n",
       "      <td>0.0</td>\n",
       "      <td>0.0</td>\n",
       "      <td>0.0</td>\n",
       "      <td>0.0</td>\n",
       "      <td>0.0</td>\n",
       "      <td>0.0</td>\n",
       "      <td>0.0</td>\n",
       "      <td>0.0</td>\n",
       "      <td>0.0</td>\n",
       "      <td>0.0</td>\n",
       "      <td>0.0</td>\n",
       "      <td>0.0</td>\n",
       "      <td>0.0</td>\n",
       "    </tr>\n",
       "    <tr>\n",
       "      <th>3</th>\n",
       "      <td>0.0</td>\n",
       "      <td>0.0</td>\n",
       "      <td>0.0</td>\n",
       "      <td>0.0</td>\n",
       "      <td>0.0</td>\n",
       "      <td>0.0</td>\n",
       "      <td>0.0</td>\n",
       "      <td>0.0</td>\n",
       "      <td>0.0</td>\n",
       "      <td>0.0</td>\n",
       "      <td>0.0</td>\n",
       "      <td>0.0</td>\n",
       "      <td>0.0</td>\n",
       "      <td>0.0</td>\n",
       "      <td>0.0</td>\n",
       "      <td>0.0</td>\n",
       "      <td>0.0</td>\n",
       "      <td>0.0</td>\n",
       "      <td>0.0</td>\n",
       "      <td>0.0</td>\n",
       "    </tr>\n",
       "    <tr>\n",
       "      <th>4</th>\n",
       "      <td>0.101002</td>\n",
       "      <td>0.124111</td>\n",
       "      <td>0.0</td>\n",
       "      <td>0.0</td>\n",
       "      <td>0.0</td>\n",
       "      <td>0.0</td>\n",
       "      <td>0.056002</td>\n",
       "      <td>0.0</td>\n",
       "      <td>0.0</td>\n",
       "      <td>0.0</td>\n",
       "      <td>0.0</td>\n",
       "      <td>0.0</td>\n",
       "      <td>0.0</td>\n",
       "      <td>0.0</td>\n",
       "      <td>0.0</td>\n",
       "      <td>0.0</td>\n",
       "      <td>0.0</td>\n",
       "      <td>0.0</td>\n",
       "      <td>0.0</td>\n",
       "      <td>0.0</td>\n",
       "    </tr>\n",
       "  </tbody>\n",
       "</table>\n",
       "</div>"
      ],
      "text/plain": [
       "      Sthlm       VGR Skåne Östergötland Jönköping Södermanland   Uppsala  \\\n",
       "0       0.0       0.0   0.0          0.0       0.0          0.0       0.0   \n",
       "1       0.0       0.0   0.0          0.0       0.0          0.0       0.0   \n",
       "2       0.0       0.0   0.0          0.0       0.0          0.0       0.0   \n",
       "3       0.0       0.0   0.0          0.0       0.0          0.0       0.0   \n",
       "4  0.101002  0.124111   0.0          0.0       0.0          0.0  0.056002   \n",
       "\n",
       "  Gävleborg Västmanland Örebro Norrbotten Dalarna Västernorrland Värmland  \\\n",
       "0       0.0         0.0    0.0        0.0     0.0            0.0      0.0   \n",
       "1       0.0         0.0    0.0        0.0     0.0            0.0      0.0   \n",
       "2       0.0         0.0    0.0        0.0     0.0            0.0      0.0   \n",
       "3       0.0         0.0    0.0        0.0     0.0            0.0      0.0   \n",
       "4       0.0         0.0    0.0        0.0     0.0            0.0      0.0   \n",
       "\n",
       "  Halland Kalmar Kronoberg Västerbotten Jämtland Blekinge  \n",
       "0     0.0    0.0       0.0          0.0      0.0      0.0  \n",
       "1     0.0    0.0       0.0          0.0      0.0      0.0  \n",
       "2     0.0    0.0       0.0          0.0      0.0      0.0  \n",
       "3     0.0    0.0       0.0          0.0      0.0      0.0  \n",
       "4     0.0    0.0       0.0          0.0      0.0      0.0  "
      ]
     },
     "execution_count": 8,
     "metadata": {},
     "output_type": "execute_result"
    }
   ],
   "source": [
    "df.columns = region_name\n",
    "df.head()"
   ]
  },
  {
   "cell_type": "code",
   "execution_count": 9,
   "id": "beb5beba-be2e-463c-b6c2-0cc904bd2fa2",
   "metadata": {},
   "outputs": [
    {
     "data": {
      "text/html": [
       "<div>\n",
       "<style scoped>\n",
       "    .dataframe tbody tr th:only-of-type {\n",
       "        vertical-align: middle;\n",
       "    }\n",
       "\n",
       "    .dataframe tbody tr th {\n",
       "        vertical-align: top;\n",
       "    }\n",
       "\n",
       "    .dataframe thead th {\n",
       "        text-align: right;\n",
       "    }\n",
       "</style>\n",
       "<table border=\"1\" class=\"dataframe\">\n",
       "  <thead>\n",
       "    <tr style=\"text-align: right;\">\n",
       "      <th></th>\n",
       "      <th>Sthlm</th>\n",
       "      <th>VGR</th>\n",
       "      <th>Skåne</th>\n",
       "      <th>Östergötland</th>\n",
       "      <th>Jönköping</th>\n",
       "      <th>Södermanland</th>\n",
       "      <th>Uppsala</th>\n",
       "      <th>Gävleborg</th>\n",
       "      <th>Västmanland</th>\n",
       "      <th>Örebro</th>\n",
       "      <th>Norrbotten</th>\n",
       "      <th>Dalarna</th>\n",
       "      <th>Västernorrland</th>\n",
       "      <th>Värmland</th>\n",
       "      <th>Halland</th>\n",
       "      <th>Kalmar</th>\n",
       "      <th>Kronoberg</th>\n",
       "      <th>Västerbotten</th>\n",
       "      <th>Jämtland</th>\n",
       "      <th>Blekinge</th>\n",
       "    </tr>\n",
       "  </thead>\n",
       "  <tbody>\n",
       "    <tr>\n",
       "      <th>Sthlm</th>\n",
       "      <td>1.000000</td>\n",
       "      <td>0.843206</td>\n",
       "      <td>0.707943</td>\n",
       "      <td>0.968330</td>\n",
       "      <td>0.911792</td>\n",
       "      <td>0.912002</td>\n",
       "      <td>0.906437</td>\n",
       "      <td>0.851443</td>\n",
       "      <td>0.919852</td>\n",
       "      <td>0.608364</td>\n",
       "      <td>0.916373</td>\n",
       "      <td>0.942713</td>\n",
       "      <td>0.767337</td>\n",
       "      <td>0.609362</td>\n",
       "      <td>0.797345</td>\n",
       "      <td>0.845498</td>\n",
       "      <td>0.634756</td>\n",
       "      <td>0.777421</td>\n",
       "      <td>0.834126</td>\n",
       "      <td>0.277613</td>\n",
       "    </tr>\n",
       "    <tr>\n",
       "      <th>VGR</th>\n",
       "      <td>0.843206</td>\n",
       "      <td>1.000000</td>\n",
       "      <td>0.887548</td>\n",
       "      <td>0.728929</td>\n",
       "      <td>0.583918</td>\n",
       "      <td>0.913086</td>\n",
       "      <td>0.903484</td>\n",
       "      <td>0.892073</td>\n",
       "      <td>0.902264</td>\n",
       "      <td>0.570380</td>\n",
       "      <td>0.880070</td>\n",
       "      <td>0.705631</td>\n",
       "      <td>0.886026</td>\n",
       "      <td>0.854733</td>\n",
       "      <td>0.793608</td>\n",
       "      <td>0.925145</td>\n",
       "      <td>0.855745</td>\n",
       "      <td>0.805349</td>\n",
       "      <td>0.664991</td>\n",
       "      <td>0.540573</td>\n",
       "    </tr>\n",
       "    <tr>\n",
       "      <th>Skåne</th>\n",
       "      <td>0.707943</td>\n",
       "      <td>0.887548</td>\n",
       "      <td>1.000000</td>\n",
       "      <td>0.621677</td>\n",
       "      <td>0.400992</td>\n",
       "      <td>0.826470</td>\n",
       "      <td>0.836551</td>\n",
       "      <td>0.770706</td>\n",
       "      <td>0.844795</td>\n",
       "      <td>0.357385</td>\n",
       "      <td>0.694584</td>\n",
       "      <td>0.537343</td>\n",
       "      <td>0.825453</td>\n",
       "      <td>0.701450</td>\n",
       "      <td>0.634010</td>\n",
       "      <td>0.837116</td>\n",
       "      <td>0.895035</td>\n",
       "      <td>0.708041</td>\n",
       "      <td>0.714445</td>\n",
       "      <td>0.703238</td>\n",
       "    </tr>\n",
       "    <tr>\n",
       "      <th>Östergötland</th>\n",
       "      <td>0.968330</td>\n",
       "      <td>0.728929</td>\n",
       "      <td>0.621677</td>\n",
       "      <td>1.000000</td>\n",
       "      <td>0.949446</td>\n",
       "      <td>0.843867</td>\n",
       "      <td>0.836592</td>\n",
       "      <td>0.758317</td>\n",
       "      <td>0.858380</td>\n",
       "      <td>0.558964</td>\n",
       "      <td>0.861616</td>\n",
       "      <td>0.937252</td>\n",
       "      <td>0.634197</td>\n",
       "      <td>0.456047</td>\n",
       "      <td>0.695051</td>\n",
       "      <td>0.749121</td>\n",
       "      <td>0.519094</td>\n",
       "      <td>0.666688</td>\n",
       "      <td>0.848179</td>\n",
       "      <td>0.214819</td>\n",
       "    </tr>\n",
       "    <tr>\n",
       "      <th>Jönköping</th>\n",
       "      <td>0.911792</td>\n",
       "      <td>0.583918</td>\n",
       "      <td>0.400992</td>\n",
       "      <td>0.949446</td>\n",
       "      <td>1.000000</td>\n",
       "      <td>0.742007</td>\n",
       "      <td>0.728714</td>\n",
       "      <td>0.634586</td>\n",
       "      <td>0.728252</td>\n",
       "      <td>0.546562</td>\n",
       "      <td>0.769218</td>\n",
       "      <td>0.934666</td>\n",
       "      <td>0.496379</td>\n",
       "      <td>0.328326</td>\n",
       "      <td>0.611534</td>\n",
       "      <td>0.626122</td>\n",
       "      <td>0.309441</td>\n",
       "      <td>0.592080</td>\n",
       "      <td>0.726492</td>\n",
       "      <td>0.029500</td>\n",
       "    </tr>\n",
       "    <tr>\n",
       "      <th>Södermanland</th>\n",
       "      <td>0.912002</td>\n",
       "      <td>0.913086</td>\n",
       "      <td>0.826470</td>\n",
       "      <td>0.843867</td>\n",
       "      <td>0.742007</td>\n",
       "      <td>1.000000</td>\n",
       "      <td>0.935397</td>\n",
       "      <td>0.890879</td>\n",
       "      <td>0.919812</td>\n",
       "      <td>0.666803</td>\n",
       "      <td>0.861836</td>\n",
       "      <td>0.819782</td>\n",
       "      <td>0.839591</td>\n",
       "      <td>0.734929</td>\n",
       "      <td>0.810330</td>\n",
       "      <td>0.888893</td>\n",
       "      <td>0.747598</td>\n",
       "      <td>0.818094</td>\n",
       "      <td>0.757545</td>\n",
       "      <td>0.496441</td>\n",
       "    </tr>\n",
       "    <tr>\n",
       "      <th>Uppsala</th>\n",
       "      <td>0.906437</td>\n",
       "      <td>0.903484</td>\n",
       "      <td>0.836551</td>\n",
       "      <td>0.836592</td>\n",
       "      <td>0.728714</td>\n",
       "      <td>0.935397</td>\n",
       "      <td>1.000000</td>\n",
       "      <td>0.834167</td>\n",
       "      <td>0.951433</td>\n",
       "      <td>0.563244</td>\n",
       "      <td>0.822067</td>\n",
       "      <td>0.805795</td>\n",
       "      <td>0.879517</td>\n",
       "      <td>0.724591</td>\n",
       "      <td>0.791194</td>\n",
       "      <td>0.910907</td>\n",
       "      <td>0.725122</td>\n",
       "      <td>0.833061</td>\n",
       "      <td>0.812731</td>\n",
       "      <td>0.496166</td>\n",
       "    </tr>\n",
       "    <tr>\n",
       "      <th>Gävleborg</th>\n",
       "      <td>0.851443</td>\n",
       "      <td>0.892073</td>\n",
       "      <td>0.770706</td>\n",
       "      <td>0.758317</td>\n",
       "      <td>0.634586</td>\n",
       "      <td>0.890879</td>\n",
       "      <td>0.834167</td>\n",
       "      <td>1.000000</td>\n",
       "      <td>0.888467</td>\n",
       "      <td>0.611241</td>\n",
       "      <td>0.894599</td>\n",
       "      <td>0.780226</td>\n",
       "      <td>0.822392</td>\n",
       "      <td>0.799760</td>\n",
       "      <td>0.880823</td>\n",
       "      <td>0.863245</td>\n",
       "      <td>0.827918</td>\n",
       "      <td>0.790691</td>\n",
       "      <td>0.698229</td>\n",
       "      <td>0.388709</td>\n",
       "    </tr>\n",
       "    <tr>\n",
       "      <th>Västmanland</th>\n",
       "      <td>0.919852</td>\n",
       "      <td>0.902264</td>\n",
       "      <td>0.844795</td>\n",
       "      <td>0.858380</td>\n",
       "      <td>0.728252</td>\n",
       "      <td>0.919812</td>\n",
       "      <td>0.951433</td>\n",
       "      <td>0.888467</td>\n",
       "      <td>1.000000</td>\n",
       "      <td>0.591124</td>\n",
       "      <td>0.874052</td>\n",
       "      <td>0.816632</td>\n",
       "      <td>0.876964</td>\n",
       "      <td>0.703475</td>\n",
       "      <td>0.832255</td>\n",
       "      <td>0.882670</td>\n",
       "      <td>0.768168</td>\n",
       "      <td>0.795805</td>\n",
       "      <td>0.850684</td>\n",
       "      <td>0.471452</td>\n",
       "    </tr>\n",
       "    <tr>\n",
       "      <th>Örebro</th>\n",
       "      <td>0.608364</td>\n",
       "      <td>0.570380</td>\n",
       "      <td>0.357385</td>\n",
       "      <td>0.558964</td>\n",
       "      <td>0.546562</td>\n",
       "      <td>0.666803</td>\n",
       "      <td>0.563244</td>\n",
       "      <td>0.611241</td>\n",
       "      <td>0.591124</td>\n",
       "      <td>1.000000</td>\n",
       "      <td>0.661141</td>\n",
       "      <td>0.610308</td>\n",
       "      <td>0.579358</td>\n",
       "      <td>0.611706</td>\n",
       "      <td>0.725711</td>\n",
       "      <td>0.523089</td>\n",
       "      <td>0.391109</td>\n",
       "      <td>0.514327</td>\n",
       "      <td>0.427815</td>\n",
       "      <td>0.262842</td>\n",
       "    </tr>\n",
       "    <tr>\n",
       "      <th>Norrbotten</th>\n",
       "      <td>0.916373</td>\n",
       "      <td>0.880070</td>\n",
       "      <td>0.694584</td>\n",
       "      <td>0.861616</td>\n",
       "      <td>0.769218</td>\n",
       "      <td>0.861836</td>\n",
       "      <td>0.822067</td>\n",
       "      <td>0.894599</td>\n",
       "      <td>0.874052</td>\n",
       "      <td>0.661141</td>\n",
       "      <td>1.000000</td>\n",
       "      <td>0.853454</td>\n",
       "      <td>0.745972</td>\n",
       "      <td>0.691169</td>\n",
       "      <td>0.819275</td>\n",
       "      <td>0.850870</td>\n",
       "      <td>0.718718</td>\n",
       "      <td>0.728830</td>\n",
       "      <td>0.707527</td>\n",
       "      <td>0.232418</td>\n",
       "    </tr>\n",
       "    <tr>\n",
       "      <th>Dalarna</th>\n",
       "      <td>0.942713</td>\n",
       "      <td>0.705631</td>\n",
       "      <td>0.537343</td>\n",
       "      <td>0.937252</td>\n",
       "      <td>0.934666</td>\n",
       "      <td>0.819782</td>\n",
       "      <td>0.805795</td>\n",
       "      <td>0.780226</td>\n",
       "      <td>0.816632</td>\n",
       "      <td>0.610308</td>\n",
       "      <td>0.853454</td>\n",
       "      <td>1.000000</td>\n",
       "      <td>0.650920</td>\n",
       "      <td>0.501506</td>\n",
       "      <td>0.772855</td>\n",
       "      <td>0.731055</td>\n",
       "      <td>0.510102</td>\n",
       "      <td>0.754358</td>\n",
       "      <td>0.761065</td>\n",
       "      <td>0.101755</td>\n",
       "    </tr>\n",
       "    <tr>\n",
       "      <th>Västernorrland</th>\n",
       "      <td>0.767337</td>\n",
       "      <td>0.886026</td>\n",
       "      <td>0.825453</td>\n",
       "      <td>0.634197</td>\n",
       "      <td>0.496379</td>\n",
       "      <td>0.839591</td>\n",
       "      <td>0.879517</td>\n",
       "      <td>0.822392</td>\n",
       "      <td>0.876964</td>\n",
       "      <td>0.579358</td>\n",
       "      <td>0.745972</td>\n",
       "      <td>0.650920</td>\n",
       "      <td>1.000000</td>\n",
       "      <td>0.820663</td>\n",
       "      <td>0.802359</td>\n",
       "      <td>0.835250</td>\n",
       "      <td>0.777589</td>\n",
       "      <td>0.870798</td>\n",
       "      <td>0.690680</td>\n",
       "      <td>0.518825</td>\n",
       "    </tr>\n",
       "    <tr>\n",
       "      <th>Värmland</th>\n",
       "      <td>0.609362</td>\n",
       "      <td>0.854733</td>\n",
       "      <td>0.701450</td>\n",
       "      <td>0.456047</td>\n",
       "      <td>0.328326</td>\n",
       "      <td>0.734929</td>\n",
       "      <td>0.724591</td>\n",
       "      <td>0.799760</td>\n",
       "      <td>0.703475</td>\n",
       "      <td>0.611706</td>\n",
       "      <td>0.691169</td>\n",
       "      <td>0.501506</td>\n",
       "      <td>0.820663</td>\n",
       "      <td>1.000000</td>\n",
       "      <td>0.812259</td>\n",
       "      <td>0.787782</td>\n",
       "      <td>0.729781</td>\n",
       "      <td>0.722971</td>\n",
       "      <td>0.453676</td>\n",
       "      <td>0.507816</td>\n",
       "    </tr>\n",
       "    <tr>\n",
       "      <th>Halland</th>\n",
       "      <td>0.797345</td>\n",
       "      <td>0.793608</td>\n",
       "      <td>0.634010</td>\n",
       "      <td>0.695051</td>\n",
       "      <td>0.611534</td>\n",
       "      <td>0.810330</td>\n",
       "      <td>0.791194</td>\n",
       "      <td>0.880823</td>\n",
       "      <td>0.832255</td>\n",
       "      <td>0.725711</td>\n",
       "      <td>0.819275</td>\n",
       "      <td>0.772855</td>\n",
       "      <td>0.802359</td>\n",
       "      <td>0.812259</td>\n",
       "      <td>1.000000</td>\n",
       "      <td>0.792871</td>\n",
       "      <td>0.690111</td>\n",
       "      <td>0.780991</td>\n",
       "      <td>0.650033</td>\n",
       "      <td>0.283883</td>\n",
       "    </tr>\n",
       "    <tr>\n",
       "      <th>Kalmar</th>\n",
       "      <td>0.845498</td>\n",
       "      <td>0.925145</td>\n",
       "      <td>0.837116</td>\n",
       "      <td>0.749121</td>\n",
       "      <td>0.626122</td>\n",
       "      <td>0.888893</td>\n",
       "      <td>0.910907</td>\n",
       "      <td>0.863245</td>\n",
       "      <td>0.882670</td>\n",
       "      <td>0.523089</td>\n",
       "      <td>0.850870</td>\n",
       "      <td>0.731055</td>\n",
       "      <td>0.835250</td>\n",
       "      <td>0.787782</td>\n",
       "      <td>0.792871</td>\n",
       "      <td>1.000000</td>\n",
       "      <td>0.767799</td>\n",
       "      <td>0.795039</td>\n",
       "      <td>0.721932</td>\n",
       "      <td>0.414061</td>\n",
       "    </tr>\n",
       "    <tr>\n",
       "      <th>Kronoberg</th>\n",
       "      <td>0.634756</td>\n",
       "      <td>0.855745</td>\n",
       "      <td>0.895035</td>\n",
       "      <td>0.519094</td>\n",
       "      <td>0.309441</td>\n",
       "      <td>0.747598</td>\n",
       "      <td>0.725122</td>\n",
       "      <td>0.827918</td>\n",
       "      <td>0.768168</td>\n",
       "      <td>0.391109</td>\n",
       "      <td>0.718718</td>\n",
       "      <td>0.510102</td>\n",
       "      <td>0.777589</td>\n",
       "      <td>0.729781</td>\n",
       "      <td>0.690111</td>\n",
       "      <td>0.767799</td>\n",
       "      <td>1.000000</td>\n",
       "      <td>0.673835</td>\n",
       "      <td>0.556837</td>\n",
       "      <td>0.612768</td>\n",
       "    </tr>\n",
       "    <tr>\n",
       "      <th>Västerbotten</th>\n",
       "      <td>0.777421</td>\n",
       "      <td>0.805349</td>\n",
       "      <td>0.708041</td>\n",
       "      <td>0.666688</td>\n",
       "      <td>0.592080</td>\n",
       "      <td>0.818094</td>\n",
       "      <td>0.833061</td>\n",
       "      <td>0.790691</td>\n",
       "      <td>0.795805</td>\n",
       "      <td>0.514327</td>\n",
       "      <td>0.728830</td>\n",
       "      <td>0.754358</td>\n",
       "      <td>0.870798</td>\n",
       "      <td>0.722971</td>\n",
       "      <td>0.780991</td>\n",
       "      <td>0.795039</td>\n",
       "      <td>0.673835</td>\n",
       "      <td>1.000000</td>\n",
       "      <td>0.654880</td>\n",
       "      <td>0.312321</td>\n",
       "    </tr>\n",
       "    <tr>\n",
       "      <th>Jämtland</th>\n",
       "      <td>0.834126</td>\n",
       "      <td>0.664991</td>\n",
       "      <td>0.714445</td>\n",
       "      <td>0.848179</td>\n",
       "      <td>0.726492</td>\n",
       "      <td>0.757545</td>\n",
       "      <td>0.812731</td>\n",
       "      <td>0.698229</td>\n",
       "      <td>0.850684</td>\n",
       "      <td>0.427815</td>\n",
       "      <td>0.707527</td>\n",
       "      <td>0.761065</td>\n",
       "      <td>0.690680</td>\n",
       "      <td>0.453676</td>\n",
       "      <td>0.650033</td>\n",
       "      <td>0.721932</td>\n",
       "      <td>0.556837</td>\n",
       "      <td>0.654880</td>\n",
       "      <td>1.000000</td>\n",
       "      <td>0.311147</td>\n",
       "    </tr>\n",
       "    <tr>\n",
       "      <th>Blekinge</th>\n",
       "      <td>0.277613</td>\n",
       "      <td>0.540573</td>\n",
       "      <td>0.703238</td>\n",
       "      <td>0.214819</td>\n",
       "      <td>0.029500</td>\n",
       "      <td>0.496441</td>\n",
       "      <td>0.496166</td>\n",
       "      <td>0.388709</td>\n",
       "      <td>0.471452</td>\n",
       "      <td>0.262842</td>\n",
       "      <td>0.232418</td>\n",
       "      <td>0.101755</td>\n",
       "      <td>0.518825</td>\n",
       "      <td>0.507816</td>\n",
       "      <td>0.283883</td>\n",
       "      <td>0.414061</td>\n",
       "      <td>0.612768</td>\n",
       "      <td>0.312321</td>\n",
       "      <td>0.311147</td>\n",
       "      <td>1.000000</td>\n",
       "    </tr>\n",
       "  </tbody>\n",
       "</table>\n",
       "</div>"
      ],
      "text/plain": [
       "                   Sthlm       VGR     Skåne  Östergötland  Jönköping  \\\n",
       "Sthlm           1.000000  0.843206  0.707943      0.968330   0.911792   \n",
       "VGR             0.843206  1.000000  0.887548      0.728929   0.583918   \n",
       "Skåne           0.707943  0.887548  1.000000      0.621677   0.400992   \n",
       "Östergötland    0.968330  0.728929  0.621677      1.000000   0.949446   \n",
       "Jönköping       0.911792  0.583918  0.400992      0.949446   1.000000   \n",
       "Södermanland    0.912002  0.913086  0.826470      0.843867   0.742007   \n",
       "Uppsala         0.906437  0.903484  0.836551      0.836592   0.728714   \n",
       "Gävleborg       0.851443  0.892073  0.770706      0.758317   0.634586   \n",
       "Västmanland     0.919852  0.902264  0.844795      0.858380   0.728252   \n",
       "Örebro          0.608364  0.570380  0.357385      0.558964   0.546562   \n",
       "Norrbotten      0.916373  0.880070  0.694584      0.861616   0.769218   \n",
       "Dalarna         0.942713  0.705631  0.537343      0.937252   0.934666   \n",
       "Västernorrland  0.767337  0.886026  0.825453      0.634197   0.496379   \n",
       "Värmland        0.609362  0.854733  0.701450      0.456047   0.328326   \n",
       "Halland         0.797345  0.793608  0.634010      0.695051   0.611534   \n",
       "Kalmar          0.845498  0.925145  0.837116      0.749121   0.626122   \n",
       "Kronoberg       0.634756  0.855745  0.895035      0.519094   0.309441   \n",
       "Västerbotten    0.777421  0.805349  0.708041      0.666688   0.592080   \n",
       "Jämtland        0.834126  0.664991  0.714445      0.848179   0.726492   \n",
       "Blekinge        0.277613  0.540573  0.703238      0.214819   0.029500   \n",
       "\n",
       "                Södermanland   Uppsala  Gävleborg  Västmanland    Örebro  \\\n",
       "Sthlm               0.912002  0.906437   0.851443     0.919852  0.608364   \n",
       "VGR                 0.913086  0.903484   0.892073     0.902264  0.570380   \n",
       "Skåne               0.826470  0.836551   0.770706     0.844795  0.357385   \n",
       "Östergötland        0.843867  0.836592   0.758317     0.858380  0.558964   \n",
       "Jönköping           0.742007  0.728714   0.634586     0.728252  0.546562   \n",
       "Södermanland        1.000000  0.935397   0.890879     0.919812  0.666803   \n",
       "Uppsala             0.935397  1.000000   0.834167     0.951433  0.563244   \n",
       "Gävleborg           0.890879  0.834167   1.000000     0.888467  0.611241   \n",
       "Västmanland         0.919812  0.951433   0.888467     1.000000  0.591124   \n",
       "Örebro              0.666803  0.563244   0.611241     0.591124  1.000000   \n",
       "Norrbotten          0.861836  0.822067   0.894599     0.874052  0.661141   \n",
       "Dalarna             0.819782  0.805795   0.780226     0.816632  0.610308   \n",
       "Västernorrland      0.839591  0.879517   0.822392     0.876964  0.579358   \n",
       "Värmland            0.734929  0.724591   0.799760     0.703475  0.611706   \n",
       "Halland             0.810330  0.791194   0.880823     0.832255  0.725711   \n",
       "Kalmar              0.888893  0.910907   0.863245     0.882670  0.523089   \n",
       "Kronoberg           0.747598  0.725122   0.827918     0.768168  0.391109   \n",
       "Västerbotten        0.818094  0.833061   0.790691     0.795805  0.514327   \n",
       "Jämtland            0.757545  0.812731   0.698229     0.850684  0.427815   \n",
       "Blekinge            0.496441  0.496166   0.388709     0.471452  0.262842   \n",
       "\n",
       "                Norrbotten   Dalarna  Västernorrland  Värmland   Halland  \\\n",
       "Sthlm             0.916373  0.942713        0.767337  0.609362  0.797345   \n",
       "VGR               0.880070  0.705631        0.886026  0.854733  0.793608   \n",
       "Skåne             0.694584  0.537343        0.825453  0.701450  0.634010   \n",
       "Östergötland      0.861616  0.937252        0.634197  0.456047  0.695051   \n",
       "Jönköping         0.769218  0.934666        0.496379  0.328326  0.611534   \n",
       "Södermanland      0.861836  0.819782        0.839591  0.734929  0.810330   \n",
       "Uppsala           0.822067  0.805795        0.879517  0.724591  0.791194   \n",
       "Gävleborg         0.894599  0.780226        0.822392  0.799760  0.880823   \n",
       "Västmanland       0.874052  0.816632        0.876964  0.703475  0.832255   \n",
       "Örebro            0.661141  0.610308        0.579358  0.611706  0.725711   \n",
       "Norrbotten        1.000000  0.853454        0.745972  0.691169  0.819275   \n",
       "Dalarna           0.853454  1.000000        0.650920  0.501506  0.772855   \n",
       "Västernorrland    0.745972  0.650920        1.000000  0.820663  0.802359   \n",
       "Värmland          0.691169  0.501506        0.820663  1.000000  0.812259   \n",
       "Halland           0.819275  0.772855        0.802359  0.812259  1.000000   \n",
       "Kalmar            0.850870  0.731055        0.835250  0.787782  0.792871   \n",
       "Kronoberg         0.718718  0.510102        0.777589  0.729781  0.690111   \n",
       "Västerbotten      0.728830  0.754358        0.870798  0.722971  0.780991   \n",
       "Jämtland          0.707527  0.761065        0.690680  0.453676  0.650033   \n",
       "Blekinge          0.232418  0.101755        0.518825  0.507816  0.283883   \n",
       "\n",
       "                  Kalmar  Kronoberg  Västerbotten  Jämtland  Blekinge  \n",
       "Sthlm           0.845498   0.634756      0.777421  0.834126  0.277613  \n",
       "VGR             0.925145   0.855745      0.805349  0.664991  0.540573  \n",
       "Skåne           0.837116   0.895035      0.708041  0.714445  0.703238  \n",
       "Östergötland    0.749121   0.519094      0.666688  0.848179  0.214819  \n",
       "Jönköping       0.626122   0.309441      0.592080  0.726492  0.029500  \n",
       "Södermanland    0.888893   0.747598      0.818094  0.757545  0.496441  \n",
       "Uppsala         0.910907   0.725122      0.833061  0.812731  0.496166  \n",
       "Gävleborg       0.863245   0.827918      0.790691  0.698229  0.388709  \n",
       "Västmanland     0.882670   0.768168      0.795805  0.850684  0.471452  \n",
       "Örebro          0.523089   0.391109      0.514327  0.427815  0.262842  \n",
       "Norrbotten      0.850870   0.718718      0.728830  0.707527  0.232418  \n",
       "Dalarna         0.731055   0.510102      0.754358  0.761065  0.101755  \n",
       "Västernorrland  0.835250   0.777589      0.870798  0.690680  0.518825  \n",
       "Värmland        0.787782   0.729781      0.722971  0.453676  0.507816  \n",
       "Halland         0.792871   0.690111      0.780991  0.650033  0.283883  \n",
       "Kalmar          1.000000   0.767799      0.795039  0.721932  0.414061  \n",
       "Kronoberg       0.767799   1.000000      0.673835  0.556837  0.612768  \n",
       "Västerbotten    0.795039   0.673835      1.000000  0.654880  0.312321  \n",
       "Jämtland        0.721932   0.556837      0.654880  1.000000  0.311147  \n",
       "Blekinge        0.414061   0.612768      0.312321  0.311147  1.000000  "
      ]
     },
     "execution_count": 9,
     "metadata": {},
     "output_type": "execute_result"
    }
   ],
   "source": [
    "df.corr()"
   ]
  },
  {
   "cell_type": "code",
   "execution_count": 10,
   "id": "b14e1483-a38e-49b5-b001-60397229e9b7",
   "metadata": {},
   "outputs": [
    {
     "data": {
